#Layer_Color=16711935
#
#Feature symbol names
#
$0 r5
$1 r3.937

#
#Feature attribute names
#

#
#Layer features
#
A -0.0172586 -1.7343759 -0.0172586 -1.7343759 -0.0605657 -1.7343759 0 P 0 N
A -0.0172586 -1.7343759 -0.0172586 -1.7343759 -0.0605657 -1.7343759 0 P 0 N
A -0.0172586 1.7343759 -0.0172586 1.7343759 -0.0605657 1.7343759 0 P 0 N
A -0.0172586 1.7343759 -0.0172586 1.7343759 -0.0605657 1.7343759 0 P 0 N
A 0.2351621 -1.8253784 0.2351621 -1.8253784 0.191855 -1.8253784 0 P 0 N
A 0.2351621 -1.8253784 0.2351621 -1.8253784 0.191855 -1.8253784 0 P 0 N
A 0.2351621 1.8253784 0.2351621 1.8253784 0.191855 1.8253784 0 P 0 N
A 0.2351621 1.8253784 0.2351621 1.8253784 0.191855 1.8253784 0 P 0 N
A -0.2754125 -1.8075487 -0.2754125 -1.8075487 -0.3187196 -1.8075487 0 P 0 N
A -0.2754125 -1.8075487 -0.2754125 -1.8075487 -0.3187196 -1.8075487 0 P 0 N
A -0.2754125 1.8075487 -0.2754125 1.8075487 -0.3187196 1.8075487 0 P 0 N
A -0.2754125 1.8075487 -0.2754125 1.8075487 -0.3187196 1.8075487 0 P 0 N
A 0.4631464 1.6838833 0.4631464 1.6838833 0.4198393 1.6838833 0 P 0 N
A 0.4631464 1.6838833 0.4631464 1.6838833 0.4198393 1.6838833 0 P 0 N
A 0.4631464 -1.6838833 0.4631464 -1.6838833 0.4198393 -1.6838833 0 P 0 N
A 0.4631464 -1.6838833 0.4631464 -1.6838833 0.4198393 -1.6838833 0 P 0 N
A -0.4929712 -1.650495 -0.4929712 -1.650495 -0.5362783 -1.650495 0 P 0 N
A -0.4929712 -1.650495 -0.4929712 -1.650495 -0.5362783 -1.650495 0 P 0 N
A -0.4929712 1.650495 -0.4929712 1.650495 -0.5362783 1.650495 0 P 0 N
A -0.4929712 1.650495 -0.4929712 1.650495 -0.5362783 1.650495 0 P 0 N
A 0.7308724 1.7017839 0.7308724 1.7017839 0.6875653 1.7017839 0 P 0 N
A 0.7308724 1.7017839 0.7308724 1.7017839 0.6875653 1.7017839 0 P 0 N
A 0.7308724 -1.7017839 0.7308724 -1.7017839 0.6875653 -1.7017839 0 P 0 N
A 0.7308724 -1.7017839 0.7308724 -1.7017839 0.6875653 -1.7017839 0 P 0 N
A -0.7612938 -1.6496763 -0.7612938 -1.6496763 -0.8046009 -1.6496763 0 P 0 N
A -0.7612938 -1.6496763 -0.7612938 -1.6496763 -0.8046009 -1.6496763 0 P 0 N
A 0.9110237 1.5029291 0.9110237 1.5029291 0.8677166 1.5029291 0 P 0 N
A 0.9110237 1.5029291 0.9110237 1.5029291 0.8677166 1.5029291 0 P 0 N
A 0.9110237 -1.5029291 0.9110237 -1.5029291 0.8677166 -1.5029291 0 P 0 N
A 0.9110237 -1.5029291 0.9110237 -1.5029291 0.8677166 -1.5029291 0 P 0 N
A -0.9830541 1.521643 -0.9830541 1.521643 -1.0263612 1.521643 0 P 0 N
A -0.9830541 1.521643 -0.9830541 1.521643 -1.0263612 1.521643 0 P 0 N
A -1.1179243 -1.2896781 -1.1179243 -1.2896781 -1.1612314 -1.2896781 0 P 0 N
A -1.1179243 -1.2896781 -1.1179243 -1.2896781 -1.1612314 -1.2896781 0 P 0 N
A -1.1179243 1.2896781 -1.1179243 1.2896781 -1.1612314 1.2896781 0 P 0 N
A -1.1179243 1.2896781 -1.1179243 1.2896781 -1.1612314 1.2896781 0 P 0 N
A 1.1727947 -1.4456781 1.1727947 -1.4456781 1.1294876 -1.4456781 0 P 0 N
A 1.1727947 -1.4456781 1.1727947 -1.4456781 1.1294876 -1.4456781 0 P 0 N
A 1.1733126 1.446341 1.1733126 1.446341 1.1300055 1.446341 0 P 0 N
A 1.1733126 1.446341 1.1733126 1.446341 1.1300055 1.446341 0 P 0 N
A 1.2916732 1.2055331 1.2916732 1.2055331 1.2483661 1.2055331 0 P 0 N
A 1.2916732 1.2055331 1.2916732 1.2055331 1.2483661 1.2055331 0 P 0 N
A 1.2916732 -1.2055331 1.2916732 -1.2055331 1.2483661 -1.2055331 0 P 0 N
A 1.2916732 -1.2055331 1.2916732 -1.2055331 1.2483661 -1.2055331 0 P 0 N
A -1.3627162 -1.1797937 -1.3627162 -1.1797937 -1.4060233 -1.1797937 0 P 0 N
A -1.3627162 -1.1797937 -1.3627162 -1.1797937 -1.4060233 -1.1797937 0 P 0 N
A -1.3627162 1.1797937 -1.3627162 1.1797937 -1.4060233 1.1797937 0 P 0 N
A -1.3627162 1.1797937 -1.3627162 1.1797937 -1.4060233 1.1797937 0 P 0 N
A -1.4284236 -0.9196394 -1.4284236 -0.9196394 -1.4717307 -0.9196394 0 P 0 N
A -1.4284236 -0.9196394 -1.4284236 -0.9196394 -1.4717307 -0.9196394 0 P 0 N
A -1.4284236 0.9196394 -1.4284236 0.9196394 -1.4717307 0.9196394 0 P 0 N
A -1.4284236 0.9196394 -1.4284236 0.9196394 -1.4717307 0.9196394 0 P 0 N
A 1.5282037 1.0788405 1.5282037 1.0788405 1.4848966 1.0788405 0 P 0 N
A 1.5282037 1.0788405 1.5282037 1.0788405 1.4848966 1.0788405 0 P 0 N
A 1.5282037 -1.0788405 1.5282037 -1.0788405 1.4848966 -1.0788405 0 P 0 N
A 1.5282037 -1.0788405 1.5282037 -1.0788405 1.4848966 -1.0788405 0 P 0 N
A 1.5756036 0.8147365 1.5756036 0.8147365 1.5322965 0.8147365 0 P 0 N
A 1.5756036 0.8147365 1.5756036 0.8147365 1.5322965 0.8147365 0 P 0 N
A 1.5756036 -0.8147365 1.5756036 -0.8147365 1.5322965 -0.8147365 0 P 0 N
A 1.5756036 -0.8147365 1.5756036 -0.8147365 1.5322965 -0.8147365 0 P 0 N
A -1.6248983 -0.4783502 -1.6248983 -0.4783502 -1.6682054 -0.4783502 0 P 0 N
A -1.6248983 -0.4783502 -1.6248983 -0.4783502 -1.6682054 -0.4783502 0 P 0 N
A -1.6248983 0.4783502 -1.6248983 0.4783502 -1.6682054 0.4783502 0 P 0 N
A -1.6248983 0.4783502 -1.6248983 0.4783502 -1.6682054 0.4783502 0 P 0 N
A -1.6334445 -0.7465379 -1.6334445 -0.7465379 -1.6767516 -0.7465379 0 P 0 N
A -1.6334445 -0.7465379 -1.6334445 -0.7465379 -1.6767516 -0.7465379 0 P 0 N
A -1.6334445 0.7465379 -1.6334445 0.7465379 -1.6767516 0.7465379 0 P 0 N
A -1.6334445 0.7465379 -1.6334445 0.7465379 -1.6767516 0.7465379 0 P 0 N
A -1.692126 0 -1.692126 0 -1.7354331 0 0 P 0 N
A -1.692126 0 -1.692126 0 -1.7354331 0 0 P 0 N
A 1.7408168 0.3608168 1.7408168 0.3608168 1.6975097 0.3608168 0 P 0 N
A 1.7408168 0.3608168 1.7408168 0.3608168 1.6975097 0.3608168 0 P 0 N
A 1.7408168 -0.3608168 1.7408168 -0.3608168 1.6975097 -0.3608168 0 P 0 N
A 1.7408168 -0.3608168 1.7408168 -0.3608168 1.6975097 -0.3608168 0 P 0 N
A 1.76805 0.6277551 1.76805 0.6277551 1.7247429 0.6277551 0 P 0 N
A 1.76805 0.6277551 1.76805 0.6277551 1.7247429 0.6277551 0 P 0 N
A 1.76805 -0.6277551 1.76805 -0.6277551 1.7247429 -0.6277551 0 P 0 N
A 1.76805 -0.6277551 1.76805 -0.6277551 1.7247429 -0.6277551 0 P 0 N
A -1.7742637 -0.2554429 -1.7742637 -0.2554429 -1.8175708 -0.2554429 0 P 0 N
A -1.7742637 -0.2554429 -1.7742637 -0.2554429 -1.8175708 -0.2554429 0 P 0 N
A -1.7742637 0.2554429 -1.7742637 0.2554429 -1.8175708 0.2554429 0 P 0 N
A -1.7742637 0.2554429 -1.7742637 0.2554429 -1.8175708 0.2554429 0 P 0 N
A 1.8742692 0.1280333 1.8742692 0.1280333 1.8309621 0.1280333 0 P 0 N
A 1.8742692 0.1280333 1.8742692 0.1280333 1.8309621 0.1280333 0 P 0 N
L -0.0078857 -1.8051551 -0.0030767 -1.6674439 0 P 0
L -0.0078857 -1.8051551 -0.0030767 -1.6674439 0 P 0
L -0.0078857 1.8051551 -0.0030767 1.6674439 0 P 0
L -0.0078857 1.8051551 -0.0030767 1.6674439 0 P 0
L -0.0263452 -1.6679628 -0.0054606 -1.6903588 0 P 0
L -0.0263452 -1.6679628 -0.0054606 -1.6903588 0 P 0
L -0.1124661 1.6866221 -0.0900701 1.6657375 0 P 0
L -0.1124661 1.6866221 -0.0900701 1.6657375 0 P 0
L -0.1132457 -1.6635967 -0.0030767 -1.6674439 0 P 0
L -0.1132457 -1.6635967 -0.0030767 -1.6674439 0 P 0
L -0.1132457 1.6635967 -0.0030767 1.6674439 0 P 0
L -0.1132457 1.6635967 -0.0030767 1.6674439 0 P 0
L -0.1180547 -1.8013079 -0.0078857 -1.8051551 0 P 0
L -0.1180547 -1.8013079 -0.0078857 -1.8051551 0 P 0
L -0.1180547 1.8013079 -0.0078857 1.8051551 0 P 0
L -0.1180547 1.8013079 -0.0078857 1.8051551 0 P 0
L -0.1180547 -1.8013079 -0.1132457 -1.6635967 0 P 0
L -0.1180547 -1.8013079 -0.1132457 -1.6635967 0 P 0
L -0.1180547 1.8013079 -0.1132457 1.6635967 0 P 0
L -0.1180547 1.8013079 -0.1132457 1.6635967 0 P 0
L 0.1298371 -1.7626196 0.1442406 -1.89966 0 P 0
L 0.1298371 -1.7626196 0.1442406 -1.89966 0 P 0
L 0.1298371 1.7626196 0.1442406 1.89966 0 P 0
L 0.1298371 1.7626196 0.1442406 1.89966 0 P 0
L 0.1298371 -1.7626196 0.2394694 -1.7510968 0 P 0
L 0.1298371 -1.7626196 0.2394694 -1.7510968 0 P 0
L 0.1298371 1.7626196 0.2394694 1.7510968 0 P 0
L 0.1298371 1.7626196 0.2394694 1.7510968 0 P 0
L 0.1434121 -1.8766363 0.1672104 -1.8959077 0 P 0
L 0.1434121 -1.8766363 0.1672104 -1.8959077 0 P 0
L 0.1442406 -1.89966 0.2538729 -1.8881372 0 P 0
L 0.1442406 -1.89966 0.2538729 -1.8881372 0 P 0
L 0.1442406 1.89966 0.2538729 1.8881372 0 P 0
L 0.1442406 1.89966 0.2538729 1.8881372 0 P 0
L 0.2306249 1.8892426 0.2498964 1.8654443 0 P 0
L 0.2306249 1.8892426 0.2498964 1.8654443 0 P 0
L 0.2394694 -1.7510968 0.2538729 -1.8881372 0 P 0
L 0.2394694 -1.7510968 0.2538729 -1.8881372 0 P 0
L 0.2394694 1.7510968 0.2538729 1.8881372 0 P 0
L 0.2394694 1.7510968 0.2538729 1.8881372 0 P 0
L -0.2764028 -1.8849707 -0.2524749 -1.749269 0 P 0
L -0.2764028 -1.8849707 -0.2524749 -1.749269 0 P 0
L -0.2764028 1.8849707 -0.2524749 1.749269 0 P 0
L -0.2764028 1.8849707 -0.2524749 1.749269 0 P 0
L -0.2990549 1.8796253 -0.2739703 1.8620609 0 P 0
L -0.2990549 1.8796253 -0.2739703 1.8620609 0 P 0
L 0.3496906 -1.6303665 0.3830263 -1.7640686 0 P 0
L 0.3496906 -1.6303665 0.3830263 -1.7640686 0 P 0
L 0.3496906 1.6303665 0.3830263 1.7640686 0 P 0
L 0.3496906 1.6303665 0.3830263 1.7640686 0 P 0
L 0.3496906 -1.6303665 0.4566523 -1.603698 0 P 0
L 0.3496906 -1.6303665 0.4566523 -1.603698 0 P 0
L 0.3496906 1.6303665 0.4566523 1.603698 0 P 0
L 0.3496906 1.6303665 0.4566523 1.603698 0 P 0
L 0.3567867 1.6522851 0.3725585 1.6260364 0 P 0
L 0.3567867 1.6522851 0.3725585 1.6260364 0 P 0
L -0.3610364 -1.7301267 -0.2524749 -1.749269 0 P 0
L -0.3610364 -1.7301267 -0.2524749 -1.749269 0 P 0
L -0.3610364 1.7301267 -0.2524749 1.749269 0 P 0
L -0.3610364 1.7301267 -0.2524749 1.749269 0 P 0
L -0.3794147 -1.8434682 -0.36185 -1.8685529 0 P 0
L -0.3794147 -1.8434682 -0.36185 -1.8685529 0 P 0
L 0.3830263 -1.7640686 0.489988 -1.7374001 0 P 0
L 0.3830263 -1.7640686 0.489988 -1.7374001 0 P 0
L 0.3830263 1.7640686 0.489988 1.7374001 0 P 0
L 0.3830263 1.7640686 0.489988 1.7374001 0 P 0
L -0.3849643 -1.8658284 -0.2764028 -1.8849707 0 P 0
L -0.3849643 -1.8658284 -0.2764028 -1.8849707 0 P 0
L -0.3849643 1.8658284 -0.2764028 1.8849707 0 P 0
L -0.3849643 1.8658284 -0.2764028 1.8849707 0 P 0
L -0.3849643 -1.8658284 -0.3610364 -1.7301267 0 P 0
L -0.3849643 -1.8658284 -0.3610364 -1.7301267 0 P 0
L -0.3849643 1.8658284 -0.3610364 1.7301267 0 P 0
L -0.3849643 1.8658284 -0.3610364 1.7301267 0 P 0
L 0.4344283 -1.6106105 0.460677 -1.6263823 0 P 0
L 0.4344283 -1.6106105 0.460677 -1.6263823 0 P 0
L 0.4566523 -1.603698 0.489988 -1.7374001 0 P 0
L 0.4566523 -1.603698 0.489988 -1.7374001 0 P 0
L 0.4566523 1.603698 0.489988 1.7374001 0 P 0
L 0.4566523 1.603698 0.489988 1.7374001 0 P 0
L -0.4850775 -1.5960871 -0.4711751 -1.6233721 0 P 0
L -0.4850775 -1.5960871 -0.4711751 -1.6233721 0 P 0
L -0.5051484 -1.7330529 -0.4625673 -1.6020019 0 P 0
L -0.5051484 -1.7330529 -0.4625673 -1.6020019 0 P 0
L -0.5051484 1.7330529 -0.4625673 1.6020019 0 P 0
L -0.5051484 1.7330529 -0.4625673 1.6020019 0 P 0
L -0.5674082 -1.5679371 -0.4625673 -1.6020019 0 P 0
L -0.5674082 -1.5679371 -0.4625673 -1.6020019 0 P 0
L -0.5674082 1.5679371 -0.4625673 1.6020019 0 P 0
L -0.5674082 1.5679371 -0.4625673 1.6020019 0 P 0
L -0.5730055 1.5902854 -0.5457205 1.576383 0 P 0
L -0.5730055 1.5902854 -0.5457205 1.576383 0 P 0
L -0.6099893 -1.6989881 -0.5051484 -1.7330529 0 P 0
L -0.6099893 -1.6989881 -0.5051484 -1.7330529 0 P 0
L -0.6099893 1.6989881 -0.5051484 1.7330529 0 P 0
L -0.6099893 1.6989881 -0.5051484 1.7330529 0 P 0
L -0.6099893 -1.6989881 -0.5674082 -1.5679371 0 P 0
L -0.6099893 -1.6989881 -0.5674082 -1.5679371 0 P 0
L -0.6099893 1.6989881 -0.5674082 1.5679371 0 P 0
L -0.6099893 1.6989881 -0.5674082 1.5679371 0 P 0
L 0.6106512 -1.6585508 0.6622702 -1.7863122 0 P 0
L 0.6106512 -1.6585508 0.6622702 -1.7863122 0 P 0
L 0.6106512 1.6585508 0.6622702 1.7863122 0 P 0
L 0.6106512 1.6585508 0.6622702 1.7863122 0 P 0
L 0.6106512 -1.6585508 0.7128604 -1.6172556 0 P 0
L 0.6106512 -1.6585508 0.7128604 -1.6172556 0 P 0
L 0.6106512 1.6585508 0.7128604 1.6172556 0 P 0
L 0.6106512 1.6585508 0.7128604 1.6172556 0 P 0
L 0.6551276 -1.7644088 0.6833159 -1.776374 0 P 0
L 0.6551276 -1.7644088 0.6833159 -1.776374 0 P 0
L 0.6622702 -1.7863122 0.7644794 -1.745017 0 P 0
L 0.6622702 -1.7863122 0.7644794 -1.745017 0 P 0
L 0.6622702 1.7863122 0.7644794 1.745017 0 P 0
L 0.6622702 1.7863122 0.7644794 1.745017 0 P 0
L -0.7063058 1.5379506 -0.6847322 1.4937187 1 P 0
L 0.7128604 -1.6172556 0.7644794 -1.745017 0 P 0
L 0.7128604 -1.6172556 0.7644794 -1.745017 0 P 0
L 0.7128604 1.6172556 0.7644794 1.745017 0 P 0
L 0.7128604 1.6172556 0.7644794 1.745017 0 P 0
L 0.7424367 1.7524877 0.7544019 1.7242994 0 P 0
L 0.7424367 1.7524877 0.7544019 1.7242994 0 P 0
L -0.755503 1.4592018 -0.6847322 1.4937187 1 P 0
L -0.7770766 1.5034337 -0.7063058 1.5379506 1 P 0
L -0.7770766 1.5034337 -0.755503 1.4592018 1 P 0
L -0.7852638 -1.7357632 -0.7248584 -1.6119137 0 P 0
L -0.7852638 -1.7357632 -0.7248584 -1.6119137 0 P 0
L 0.7855341 -1.4708211 0.8544317 -1.5901552 0 P 0
L 0.7855341 -1.4708211 0.8544317 -1.5901552 0 P 0
L 0.7855341 1.4708211 0.8544317 1.5901552 0 P 0
L 0.7855341 1.4708211 0.8544317 1.5901552 0 P 0
L 0.7855341 -1.4708211 0.8810015 -1.415703 0 P 0
L 0.7855341 -1.4708211 0.8810015 -1.415703 0 P 0
L 0.7855341 1.4708211 0.8810015 1.415703 0 P 0
L 0.7855341 1.4708211 0.8810015 1.415703 0 P 0
L 0.7983969 1.4899346 0.8063226 1.4603554 0 P 0
L 0.7983969 1.4899346 0.8063226 1.4603554 0 P 0
L -0.823938 -1.5635894 -0.7248584 -1.6119137 0 P 0
L -0.823938 -1.5635894 -0.7248584 -1.6119137 0 P 0
L 0.8544317 -1.5901552 0.9498991 -1.5350371 0 P 0
L 0.8544317 -1.5901552 0.9498991 -1.5350371 0 P 0
L 0.8544317 1.5901552 0.9498991 1.5350371 0 P 0
L 0.8544317 1.5901552 0.9498991 1.5350371 0 P 0
L 0.8615437 -1.4284735 0.8911229 -1.4363992 0 P 0
L 0.8615437 -1.4284735 0.8911229 -1.4363992 0 P 0
L -0.8728453 -1.6674746 -0.8628755 -1.6964289 0 P 0
L -0.8728453 -1.6674746 -0.8628755 -1.6964289 0 P 0
L 0.8810015 -1.415703 0.9498991 -1.5350371 0 P 0
L 0.8810015 -1.415703 0.9498991 -1.5350371 0 P 0
L 0.8810015 1.415703 0.9498991 1.5350371 0 P 0
L 0.8810015 1.415703 0.9498991 1.5350371 0 P 0
L -0.8843434 -1.6874389 -0.7852638 -1.7357632 0 P 0
L -0.8843434 -1.6874389 -0.7852638 -1.7357632 0 P 0
L -0.8843434 -1.6874389 -0.823938 -1.5635894 0 P 0
L -0.8843434 -1.6874389 -0.823938 -1.5635894 0 P 0
L -0.9180104 -1.4314118 -0.8904913 -1.3906128 1 P 0
L -0.9557702 -1.3465822 -0.8904913 -1.3906128 1 P 0
L -0.9832893 -1.3873812 -0.9180104 -1.4314118 1 P 0
L -0.9832893 -1.3873812 -0.9557702 -1.3465822 1 P 0
L -1.0191933 1.6095833 -0.9421392 1.4953459 0 P 0
L -1.0191933 1.6095833 -0.9421392 1.4953459 0 P 0
L -1.0335291 1.4337027 -0.9421392 1.4953459 0 P 0
L -1.0335291 1.4337027 -0.9421392 1.4953459 0 P 0
L -1.0377128 1.5954866 -1.0076528 1.5896435 0 P 0
L -1.0377128 1.5954866 -1.0076528 1.5896435 0 P 0
L 1.0436363 -1.4253201 1.1284715 -1.5339042 0 P 0
L 1.0436363 -1.4253201 1.1284715 -1.5339042 0 P 0
L 1.0436363 -1.4253201 1.1305037 -1.357452 0 P 0
L 1.0436363 -1.4253201 1.1305037 -1.357452 0 P 0
L 1.0441542 1.425983 1.1289894 1.5345671 0 P 0
L 1.0441542 1.425983 1.1289894 1.5345671 0 P 0
L 1.0441542 1.425983 1.1310216 1.3581149 0 P 0
L 1.0441542 1.425983 1.1310216 1.3581149 0 P 0
L -1.0923275 -1.2607993 -1.0907248 -1.29138 0 P 0
L -1.0923275 -1.2607993 -1.0907248 -1.29138 0 P 0
L -1.1105832 1.5479401 -1.0191933 1.6095833 0 P 0
L -1.1105832 1.5479401 -1.0191933 1.6095833 0 P 0
L -1.1105832 1.5479401 -1.0335291 1.4337027 0 P 0
L -1.1105832 1.5479401 -1.0335291 1.4337027 0 P 0
L 1.1155682 -1.514818 1.1459627 -1.51855 0 P 0
L 1.1155682 -1.514818 1.1459627 -1.51855 0 P 0
L 1.1284715 -1.5339042 1.2153389 -1.4660361 0 P 0
L 1.1284715 -1.5339042 1.2153389 -1.4660361 0 P 0
L 1.1289894 1.5345671 1.2158568 1.466699 0 P 0
L 1.1289894 1.5345671 1.2158568 1.466699 0 P 0
L 1.1305037 -1.357452 1.2153389 -1.4660361 0 P 0
L 1.1305037 -1.357452 1.2153389 -1.4660361 0 P 0
L 1.1310216 1.3581149 1.2158568 1.466699 0 P 0
L 1.1310216 1.3581149 1.2158568 1.466699 0 P 0
L -1.1560906 -1.201596 -1.0741692 -1.2753584 0 P 0
L -1.1560906 -1.201596 -1.0741692 -1.2753584 0 P 0
L -1.1560906 1.201596 -1.0741692 1.2753584 0 P 0
L -1.1560906 1.201596 -1.0741692 1.2753584 0 P 0
L 1.1605171 -1.1973214 1.2370936 -1.1180242 0 P 0
L 1.1605171 -1.1973214 1.2370936 -1.1180242 0 P 0
L 1.1605171 1.1973214 1.2370936 1.1180242 0 P 0
L 1.1605171 1.1973214 1.2370936 1.1180242 0 P 0
L 1.1605171 -1.1973214 1.2596386 -1.293042 0 P 0
L 1.1605171 -1.1973214 1.2596386 -1.293042 0 P 0
L 1.1605171 1.1973214 1.2596386 1.293042 0 P 0
L 1.1605171 1.1973214 1.2596386 1.293042 0 P 0
L -1.1663722 -1.3777602 -1.0741692 -1.2753584 0 P 0
L -1.1663722 -1.3777602 -1.0741692 -1.2753584 0 P 0
L -1.1663722 1.3777602 -1.0741692 1.2753584 0 P 0
L -1.1663722 1.3777602 -1.0741692 1.2753584 0 P 0
L -1.1702939 1.2197356 -1.1397132 1.218133 0 P 0
L -1.1702939 1.2197356 -1.1397132 1.218133 0 P 0
L 1.1776155 1.1815311 1.17815 1.2121491 0 P 0
L 1.1776155 1.1815311 1.17815 1.2121491 0 P 0
L 1.1967271 1.479956 1.2004591 1.4495616 0 P 0
L 1.1967271 1.479956 1.2004591 1.4495616 0 P 0
L 1.2219096 -1.1356633 1.2525276 -1.1351288 0 P 0
L 1.2219096 -1.1356633 1.2525276 -1.1351288 0 P 0
L 1.2370936 -1.1180242 1.3362151 -1.2137448 0 P 0
L 1.2370936 -1.1180242 1.3362151 -1.2137448 0 P 0
L 1.2370936 1.1180242 1.3362151 1.2137448 0 P 0
L 1.2370936 1.1180242 1.3362151 1.2137448 0 P 0
L -1.2482936 -1.3039978 -1.1560906 -1.201596 0 P 0
L -1.2482936 -1.3039978 -1.1560906 -1.201596 0 P 0
L -1.2482936 1.3039978 -1.1560906 1.201596 0 P 0
L -1.2482936 1.3039978 -1.1560906 1.201596 0 P 0
L -1.2482936 -1.3039978 -1.1663722 -1.3777602 0 P 0
L -1.2482936 -1.3039978 -1.1663722 -1.3777602 0 P 0
L -1.2482936 1.3039978 -1.1663722 1.3777602 0 P 0
L -1.2482936 1.3039978 -1.1663722 1.3777602 0 P 0
L 1.2596386 -1.293042 1.3362151 -1.2137448 0 P 0
L 1.2596386 -1.293042 1.3362151 -1.2137448 0 P 0
L 1.2596386 1.293042 1.3362151 1.2137448 0 P 0
L 1.2596386 1.293042 1.3362151 1.2137448 0 P 0
L -1.3886739 -1.0932843 -1.3178154 -1.1777301 0 P 0
L -1.3886739 -1.0932843 -1.3178154 -1.1777301 0 P 0
L -1.3886739 1.0932843 -1.3178154 1.1777301 0 P 0
L -1.3886739 1.0932843 -1.3178154 1.1777301 0 P 0
L 1.3967597 -1.082935 1.4615549 -0.993752 0 P 0
L 1.3967597 -1.082935 1.4615549 -0.993752 0 P 0
L 1.3967597 1.082935 1.4615549 0.993752 0 P 0
L 1.3967597 1.082935 1.4615549 0.993752 0 P 0
L 1.3967597 -1.082935 1.5082383 -1.163929 0 P 0
L 1.3967597 -1.082935 1.5082383 -1.163929 0 P 0
L 1.3967597 1.082935 1.5082383 1.163929 0 P 0
L 1.3967597 1.082935 1.5082383 1.163929 0 P 0
L -1.4044245 -0.9407096 -1.3975359 -0.9108718 0 P 0
L -1.4044245 -0.9407096 -1.3975359 -0.9108718 0 P 0
L -1.4233727 -1.2663031 -1.3178154 -1.1777301 0 P 0
L -1.4233727 -1.2663031 -1.3178154 -1.1777301 0 P 0
L -1.4233727 1.2663031 -1.3178154 1.1777301 0 P 0
L -1.4233727 1.2663031 -1.3178154 1.1777301 0 P 0
L -1.4372893 1.2476478 -1.4067831 1.2503168 0 P 0
L -1.4372893 1.2476478 -1.4067831 1.2503168 0 P 0
L -1.4425104 -0.8363864 -1.3840941 -0.929872 0 P 0
L -1.4425104 -0.8363864 -1.3840941 -0.929872 0 P 0
L -1.4425104 0.8363864 -1.3840941 0.929872 0 P 0
L -1.4425104 0.8363864 -1.3840941 0.929872 0 P 0
L 1.4455871 -0.8310574 1.4973399 -0.7337246 0 P 0
L 1.4455871 -0.8310574 1.4973399 -0.7337246 0 P 0
L 1.4455871 0.8310574 1.4973399 0.7337246 0 P 0
L 1.4455871 0.8310574 1.4973399 0.7337246 0 P 0
L 1.4455871 -0.8310574 1.5672531 -0.8957484 0 P 0
L 1.4455871 -0.8310574 1.5672531 -0.8957484 0 P 0
L 1.4455871 0.8310574 1.5672531 0.8957484 0 P 0
L 1.4455871 0.8310574 1.5672531 0.8957484 0 P 0
L 1.4576708 0.8111658 1.466624 0.8404504 0 P 0
L 1.4576708 0.8111658 1.466624 0.8404504 0 P 0
L -1.4611634 0.8499084 -1.4313256 0.856797 0 P 0
L -1.4611634 0.8499084 -1.4313256 0.856797 0 P 0
L 1.4615549 -0.993752 1.5730335 -1.074746 0 P 0
L 1.4615549 -0.993752 1.5730335 -1.074746 0 P 0
L 1.4615549 0.993752 1.5730335 1.074746 0 P 0
L 1.4615549 0.993752 1.5730335 1.074746 0 P 0
L -1.4782758 -1.1988019 -1.4756069 -1.1682958 0 P 0
L -1.4782758 -1.1988019 -1.4756069 -1.1682958 0 P 0
L 1.4876061 -0.7548657 1.5168907 -0.7459125 0 P 0
L 1.4876061 -0.7548657 1.5168907 -0.7459125 0 P 0
L 1.490574 -1.1491388 1.5208197 -1.1443483 0 P 0
L 1.490574 -1.1491388 1.5208197 -1.1443483 0 P 0
L -1.4942312 -1.1818573 -1.3886739 -1.0932843 0 P 0
L -1.4942312 -1.1818573 -1.3886739 -1.0932843 0 P 0
L -1.4942312 1.1818573 -1.3886739 1.0932843 0 P 0
L -1.4942312 1.1818573 -1.3886739 1.0932843 0 P 0
L -1.4942312 -1.1818573 -1.4233727 -1.2663031 0 P 0
L -1.4942312 -1.1818573 -1.4233727 -1.2663031 0 P 0
L -1.4942312 1.1818573 -1.4233727 1.2663031 0 P 0
L -1.4942312 1.1818573 -1.4233727 1.2663031 0 P 0
L 1.4973399 -0.7337246 1.6190059 -0.7984156 0 P 0
L 1.4973399 -0.7337246 1.6190059 -0.7984156 0 P 0
L 1.4973399 0.7337246 1.6190059 0.7984156 0 P 0
L 1.4973399 0.7337246 1.6190059 0.7984156 0 P 0
L -1.500951 -1.0028924 -1.3840941 -0.929872 0 P 0
L -1.500951 -1.0028924 -1.3840941 -0.929872 0 P 0
L -1.500951 1.0028924 -1.3840941 0.929872 0 P 0
L -1.500951 1.0028924 -1.3840941 0.929872 0 P 0
L 1.5082383 -1.163929 1.5730335 -1.074746 0 P 0
L 1.5082383 -1.163929 1.5730335 -1.074746 0 P 0
L 1.5082383 1.163929 1.5730335 1.074746 0 P 0
L 1.5082383 1.163929 1.5730335 1.074746 0 P 0
L 1.5535086 1.0625167 1.5582991 1.0927623 0 P 0
L 1.5535086 1.0625167 1.5582991 1.0927623 0 P 0
L -1.5593673 -0.9094068 -1.4425104 -0.8363864 0 P 0
L -1.5593673 -0.9094068 -1.4425104 -0.8363864 0 P 0
L -1.5593673 0.9094068 -1.4425104 0.8363864 0 P 0
L -1.5593673 0.9094068 -1.4425104 0.8363864 0 P 0
L -1.5593673 -0.9094068 -1.500951 -1.0028924 0 P 0
L -1.5593673 -0.9094068 -1.500951 -1.0028924 0 P 0
L -1.5593673 0.9094068 -1.500951 1.0028924 0 P 0
L -1.5593673 0.9094068 -1.500951 1.0028924 0 P 0
L 1.5672531 -0.8957484 1.6190059 -0.7984156 0 P 0
L 1.5672531 -0.8957484 1.6190059 -0.7984156 0 P 0
L 1.5672531 0.8957484 1.6190059 0.7984156 0 P 0
L 1.5672531 0.8957484 1.6190059 0.7984156 0 P 0
L -1.6093143 -0.5171563 -1.5944681 -0.4903731 0 P 0
L -1.6093143 -0.5171563 -1.5944681 -0.4903731 0 P 0
L -1.6171694 -0.4063765 -1.5867842 -0.5123424 0 P 0
L -1.6171694 -0.4063765 -1.5867842 -0.5123424 0 P 0
L -1.6171694 0.4063765 -1.5867842 0.5123424 0 P 0
L -1.6171694 0.4063765 -1.5867842 0.5123424 0 P 0
L 1.618658 0.4004058 1.6415774 0.2925784 0 P 0
L 1.618658 0.4004058 1.6415774 0.2925784 0 P 0
L 1.618658 -0.4004058 1.6415774 -0.2925784 0 P 0
L 1.618658 -0.4004058 1.6415774 -0.2925784 0 P 0
L 1.618658 0.4004058 1.753442 0.4290552 0 P 0
L 1.618658 0.4004058 1.753442 0.4290552 0 P 0
L 1.618658 -0.4004058 1.753442 -0.4290552 0 P 0
L 1.618658 -0.4004058 1.753442 -0.4290552 0 P 0
L 1.6247907 0.3779541 1.641469 0.4036364 0 P 0
L 1.6247907 0.3779541 1.641469 0.4036364 0 P 0
L -1.6362291 -0.6681618 -1.591392 -0.7688676 0 P 0
L -1.6362291 -0.6681618 -1.591392 -0.7688676 0 P 0
L -1.6362291 0.6681618 -1.591392 0.7688676 0 P 0
L -1.6362291 0.6681618 -1.591392 0.7688676 0 P 0
L 1.6380479 -0.3155836 1.6637303 -0.2989051 0 P 0
L 1.6380479 -0.3155836 1.6637303 -0.2989051 0 P 0
L -1.638827 0.4142332 -1.6120438 0.4290794 0 P 0
L -1.638827 0.4142332 -1.6120438 0.4290794 0 P 0
L 1.6411488 0.6559848 1.6788518 0.5523968 0 P 0
L 1.6411488 0.6559848 1.6788518 0.5523968 0 P 0
L 1.6411488 -0.6559848 1.6788518 -0.5523968 0 P 0
L 1.6411488 -0.6559848 1.6788518 -0.5523968 0 P 0
L 1.6411488 0.6559848 1.770634 0.7031134 0 P 0
L 1.6411488 0.6559848 1.770634 0.7031134 0 P 0
L 1.6411488 -0.6559848 1.770634 -0.7031134 0 P 0
L 1.6411488 -0.6559848 1.770634 -0.7031134 0 P 0
L 1.6415774 0.2925784 1.7763614 0.3212278 0 P 0
L 1.6415774 0.2925784 1.7763614 0.3212278 0 P 0
L 1.6415774 -0.2925784 1.7763614 -0.3212278 0 P 0
L 1.6415774 -0.2925784 1.7763614 -0.3212278 0 P 0
L 1.6429373 -0.1538481 1.6484056 -0.0752984 1 P 0
L 1.6429373 -0.1538481 1.6920308 -0.1572656 1 P 0
L 1.6484056 -0.0752984 1.6974991 -0.0787159 1 P 0
L -1.6665355 -0.0551181 -1.6665355 0.0551181 0 P 0
L -1.6665355 -0.0551181 -1.6665355 0.0551181 0 P 0
L 1.6788518 -0.5523968 1.808337 -0.5995254 0 P 0
L 1.6788518 0.5523968 1.808337 0.5995254 0 P 0
L 1.6788518 0.5523968 1.808337 0.5995254 0 P 0
L 1.6788518 -0.5523968 1.808337 -0.5995254 0 P 0
L -1.6895197 -0.0535354 -1.6678662 -0.0318819 0 P 0
L -1.6895197 -0.0535354 -1.6678662 -0.0318819 0 P 0
L 1.6920308 -0.1572656 1.6974991 -0.0787159 1 P 0
L -1.7172741 -0.824914 -1.591392 -0.7688676 0 P 0
L -1.7172741 -0.824914 -1.591392 -0.7688676 0 P 0
L -1.7172741 0.824914 -1.591392 0.7688676 0 P 0
L -1.7172741 0.824914 -1.591392 0.7688676 0 P 0
L -1.7192414 -0.5503239 -1.5867842 -0.5123424 0 P 0
L -1.7192414 -0.5503239 -1.5867842 -0.5123424 0 P 0
L -1.7192414 0.5503239 -1.5867842 0.5123424 0 P 0
L -1.7192414 0.5503239 -1.5867842 0.5123424 0 P 0
L -1.7255095 0.8031454 -1.6969208 0.8141196 0 P 0
L -1.7255095 0.8031454 -1.6969208 0.8141196 0 P 0
L 1.7495772 -0.6937652 1.7773308 -0.6808235 0 P 0
L 1.7495772 -0.6937652 1.7773308 -0.6808235 0 P 0
L -1.7496266 -0.444358 -1.6171694 -0.4063765 0 P 0
L -1.7496266 -0.444358 -1.6171694 -0.4063765 0 P 0
L -1.7496266 0.444358 -1.6171694 0.4063765 0 P 0
L -1.7496266 0.444358 -1.6171694 0.4063765 0 P 0
L -1.7496266 -0.444358 -1.7192414 -0.5503239 0 P 0
L -1.7496266 -0.444358 -1.7192414 -0.5503239 0 P 0
L -1.7496266 0.444358 -1.7192414 0.5503239 0 P 0
L -1.7496266 0.444358 -1.7192414 0.5503239 0 P 0
L -1.7514446 -0.7448943 -1.7404704 -0.7163055 0 P 0
L -1.7514446 -0.7448943 -1.7404704 -0.7163055 0 P 0
L 1.753442 0.4290552 1.7763614 0.3212278 0 P 0
L 1.753442 0.4290552 1.7763614 0.3212278 0 P 0
L 1.753442 -0.4290552 1.7763614 -0.3212278 0 P 0
L 1.753442 -0.4290552 1.7763614 -0.3212278 0 P 0
L -1.7570147 -0.1912725 -1.7416727 -0.3004359 0 P 0
L -1.7570147 -0.1912725 -1.7416727 -0.3004359 0 P 0
L -1.7570147 0.1912725 -1.7416727 0.3004359 0 P 0
L -1.7570147 0.1912725 -1.7416727 0.3004359 0 P 0
L 1.7583875 0.1782111 1.7660772 0.0682434 0 P 0
L 1.7583875 0.1782111 1.7660772 0.0682434 0 P 0
L 1.7583875 0.1782111 1.895847 0.1878232 0 P 0
L 1.7583875 0.1782111 1.895847 0.1878232 0 P 0
L -1.7621112 -0.7242082 -1.6362291 -0.6681618 0 P 0
L -1.7621112 -0.7242082 -1.6362291 -0.6681618 0 P 0
L -1.7621112 0.7242082 -1.6362291 0.6681618 0 P 0
L -1.7621112 0.7242082 -1.6362291 0.6681618 0 P 0
L -1.7621112 -0.7242082 -1.7172741 -0.824914 0 P 0
L -1.7621112 -0.7242082 -1.7172741 -0.824914 0 P 0
L -1.7621112 0.7242082 -1.7172741 0.824914 0 P 0
L -1.7621112 0.7242082 -1.7172741 0.824914 0 P 0
L 1.7660772 0.0682434 1.9035367 0.0778555 0 P 0
L 1.7660772 0.0682434 1.9035367 0.0778555 0 P 0
L 1.770634 -0.7031134 1.808337 -0.5995254 0 P 0
L 1.770634 0.7031134 1.808337 0.5995254 0 P 0
L 1.770634 0.7031134 1.808337 0.5995254 0 P 0
L 1.770634 -0.7031134 1.808337 -0.5995254 0 P 0
L 1.7861976 0.5931516 1.7991393 0.6209052 0 P 0
L 1.7861976 0.5931516 1.7991393 0.6209052 0 P 0
L -1.8043307 -0.0551181 -1.6665355 -0.0551181 0 P 0
L -1.8043307 0.0551181 -1.6665355 0.0551181 0 P 0
L -1.8043307 -0.0551181 -1.6665355 -0.0551181 0 P 0
L -1.8043307 0.0551181 -1.6665355 0.0551181 0 P 0
L -1.8043307 -0.0551181 -1.8043307 0.0551181 0 P 0
L -1.8043307 -0.0551181 -1.8043307 0.0551181 0 P 0
L -1.8781269 -0.3196133 -1.7416727 -0.3004359 0 P 0
L -1.8781269 -0.3196133 -1.7416727 -0.3004359 0 P 0
L -1.8781269 0.3196133 -1.7416727 0.3004359 0 P 0
L -1.8781269 0.3196133 -1.7416727 0.3004359 0 P 0
L -1.880043 0.296418 -1.8555867 0.3148472 0 P 0
L -1.880043 0.296418 -1.8555867 0.3148472 0 P 0
L 1.8804981 0.0778311 1.9005884 0.1009423 0 P 0
L 1.8804981 0.0778311 1.9005884 0.1009423 0 P 0
L -1.8889172 -0.2332748 -1.8704881 -0.2088184 0 P 0
L -1.8889172 -0.2332748 -1.8704881 -0.2088184 0 P 0
L -1.8934689 -0.2104499 -1.7570147 -0.1912725 0 P 0
L -1.8934689 -0.2104499 -1.7570147 -0.1912725 0 P 0
L -1.8934689 0.2104499 -1.7570147 0.1912725 0 P 0
L -1.8934689 0.2104499 -1.7570147 0.1912725 0 P 0
L -1.8934689 -0.2104499 -1.8781269 -0.3196133 0 P 0
L -1.8934689 -0.2104499 -1.8781269 -0.3196133 0 P 0
L -1.8934689 0.2104499 -1.8781269 0.3196133 0 P 0
L -1.8934689 0.2104499 -1.8781269 0.3196133 0 P 0
L 1.895847 0.1878232 1.9035367 0.0778555 0 P 0
L 1.895847 0.1878232 1.9035367 0.0778555 0 P 0
L 2.1299211 -0.234252 2.1299212 -0.1003936 1 P 0
L 2.1299211 -0.234252 2.2007873 -0.2342521 1 P 0
L 2.1299212 -0.1003936 2.2007874 -0.1003937 1 P 0
L 2.1368111 0.1240156 2.1368111 0.2106298 1 P 0
L 2.1368111 0.1240156 2.1938977 0.1240156 1 P 0
L 2.1368111 0.2106298 2.1938977 0.2106298 1 P 0
L 2.1938977 0.1240156 2.1938977 0.2106298 1 P 0
L 2.2007873 -0.2342521 2.2007874 -0.1003937 1 P 0
L 2.3228229 0.301568 2.7204613 0.301568 1 P 0
L 2.3228229 -0.3220544 2.3228229 0.301568 1 P 0
L 2.3228229 -0.3220544 2.7204613 -0.3220544 1 P 0
L 2.7204613 -0.3220544 2.7204613 0.301568 1 P 0
