#Layer_Color=16711935
#
#Feature symbol names
#
$0 r5
$1 r3.937

#
#Feature attribute names
#

#
#Layer features
#
A 0.0431254 1.7354331 0.0431254 1.7354331 -0.0001817 1.7354331 0 P 0 N
A 0.0431254 1.7354331 0.0431254 1.7354331 -0.0001817 1.7354331 0 P 0 N
A 0.0438523 -1.735433 0.0438523 -1.735433 0.0005452 -1.735433 0 P 0 N
A 0.0438523 -1.735433 0.0438523 -1.735433 0.0005452 -1.735433 0 P 0 N
A -0.1616368 -1.8239552 -0.1616368 -1.8239552 -0.2049439 -1.8239552 0 P 0 N
A -0.1616368 -1.8239552 -0.1616368 -1.8239552 -0.2049439 -1.8239552 0 P 0 N
A -0.1624008 1.8238692 -0.1624008 1.8238692 -0.2057079 1.8238692 0 P 0 N
A -0.1624008 1.8238692 -0.1624008 1.8238692 -0.2057079 1.8238692 0 P 0 N
A 0.248633 1.8239123 0.248633 1.8239123 0.2053259 1.8239123 0 P 0 N
A 0.248633 1.8239123 0.248633 1.8239123 0.2053259 1.8239123 0 P 0 N
A 0.249397 -1.8238261 0.249397 -1.8238261 0.2060899 -1.8238261 0 P 0 N
A 0.249397 -1.8238261 0.249397 -1.8238261 0.2060899 -1.8238261 0 P 0 N
A 0.3956513 1.734179 0.3956513 1.734179 0.3860183 1.6919568 0 P 0 N
A 0.3956513 1.734179 0.3956513 1.734179 0.3860183 1.6919568 0 P 0 N
A 0.3963776 -1.7340131 0.3963776 -1.7340131 0.386727 -1.691795 0 P 0 N
A 0.3963776 -1.7340131 0.3963776 -1.7340131 0.386727 -1.691795 0 P 0 N
A -0.5631183 1.7323576 -0.5631183 1.7323576 -0.6064254 1.7323576 0 P 0 N
A -0.5631183 1.7323576 -0.5631183 1.7323576 -0.6064254 1.7323576 0 P 0 N
A -0.5914082 -1.6917305 -0.5914082 -1.6917305 -0.6056997 -1.7326115 0 P 0 N
A -0.5914082 -1.6917305 -0.5914082 -1.6917305 -0.6056997 -1.7326115 0 P 0 N
A 0.592471 -1.6913586 0.592471 -1.6913586 0.6067882 -1.7322306 0 P 0 N
A 0.592471 -1.6913586 0.592471 -1.6913586 0.6067882 -1.7322306 0 P 0 N
A 0.6493697 1.7324846 0.6493697 1.7324846 0.6060626 1.7324846 0 P 0 N
A 0.6493697 1.7324846 0.6493697 1.7324846 0.6060626 1.7324846 0 P 0 N
A -0.7092246 -1.5637852 -0.7092246 -1.5637852 -0.7525317 -1.5637852 0 P 0 N
A -0.7092246 -1.5637852 -0.7092246 -1.5637852 -0.7525317 -1.5637852 0 P 0 N
A -0.7098796 1.5634698 -0.7098796 1.5634698 -0.7531867 1.5634698 0 P 0 N
A -0.7098796 1.5634698 -0.7098796 1.5634698 -0.7531867 1.5634698 0 P 0 N
A 0.7723179 -1.6023239 0.7723179 -1.6023239 0.7535142 -1.563312 0 P 0 N
A 0.7723179 -1.6023239 0.7723179 -1.6023239 0.7535142 -1.563312 0 P 0 N
A 0.7961663 1.5636275 0.7961663 1.5636275 0.7528592 1.5636275 0 P 0 N
A 0.7961663 1.5636275 0.7961663 1.5636275 0.7528592 1.5636275 0 P 0 N
A -0.9530485 -1.5177003 -0.9530485 -1.5177003 -0.9760791 -1.5543758 0 P 0 N
A -0.9530485 -1.5177003 -0.9530485 -1.5177003 -0.9760791 -1.5543758 0 P 0 N
A -0.9536841 1.5173009 -0.9536841 1.5173009 -0.9767301 1.5539668 0 P 0 N
A -0.9536841 1.5173009 -0.9536841 1.5173009 -0.9767301 1.5539668 0 P 0 N
A 1.0197118 1.5541714 1.0197118 1.5541714 0.9764047 1.5541714 0 P 0 N
A 1.0197118 1.5541714 1.0197118 1.5541714 0.9764047 1.5541714 0 P 0 N
A 1.0203627 -1.5537622 1.0203627 -1.5537622 0.9770556 -1.5537622 0 P 0 N
A 1.0203627 -1.5537622 1.0203627 -1.5537622 0.9770556 -1.5537622 0 P 0 N
A -1.0383523 -1.3571076 -1.0383523 -1.3571076 -1.0816594 -1.3571076 0 P 0 N
A -1.0383523 -1.3571076 -1.0383523 -1.3571076 -1.0816594 -1.3571076 0 P 0 N
A -1.0389207 1.3566543 -1.0389207 1.3566543 -1.0822278 1.3566543 0 P 0 N
A -1.0389207 1.3566543 -1.0389207 1.3566543 -1.0822278 1.3566543 0 P 0 N
A -1.2542003 -1.2981869 -1.2542003 -1.2981869 -1.2975074 -1.2981869 0 P 0 N
A -1.2542003 -1.2981869 -1.2542003 -1.2981869 -1.2975074 -1.2981869 0 P 0 N
A -1.2547439 1.2976433 -1.2547439 1.2976433 -1.298051 1.2976433 0 P 0 N
A -1.2547439 1.2976433 -1.2547439 1.2976433 -1.298051 1.2976433 0 P 0 N
A -1.3132339 -1.0823699 -1.3132339 -1.0823699 -1.356541 -1.0823699 0 P 0 N
A -1.3132339 -1.0823699 -1.3132339 -1.0823699 -1.356541 -1.0823699 0 P 0 N
A -1.3136872 1.0818015 -1.3136872 1.0818015 -1.3569943 1.0818015 0 P 0 N
A -1.3136872 1.0818015 -1.3136872 1.0818015 -1.3569943 1.0818015 0 P 0 N
A 1.3410863 1.2979151 1.3410863 1.2979151 1.2977792 1.2979151 0 P 0 N
A 1.3410863 1.2979151 1.3410863 1.2979151 1.2977792 1.2979151 0 P 0 N
A 1.3416299 -1.2973714 1.3416299 -1.2973714 1.2983228 -1.2973714 0 P 0 N
A 1.3416299 -1.2973714 1.3416299 -1.2973714 1.2983228 -1.2973714 0 P 0 N
A 1.3906253 1.1090888 1.3906253 1.1090888 1.3567677 1.0820857 0 P 0 N
A 1.3906253 1.1090888 1.3906253 1.1090888 1.3567677 1.0820857 0 P 0 N
A 1.4005279 -1.0815173 1.4005279 -1.0815173 1.3572208 -1.0815173 0 P 0 N
A 1.4005279 -1.0815173 1.4005279 -1.0815173 1.3572208 -1.0815173 0 P 0 N
A -1.5105574 -0.9768929 -1.5105574 -0.9768929 -1.5538645 -0.9768929 0 P 0 N
A -1.5105574 -0.9768929 -1.5105574 -0.9768929 -1.5538645 -0.9768929 0 P 0 N
A -1.5109665 0.9762419 -1.5109665 0.9762419 -1.5542736 0.9762419 0 P 0 N
A -1.5109665 0.9762419 -1.5109665 0.9762419 -1.5542736 0.9762419 0 P 0 N
A 1.5973762 0.9765674 1.5973762 0.9765674 1.5540691 0.9765674 0 P 0 N
A 1.5973762 0.9765674 1.5973762 0.9765674 1.5540691 0.9765674 0 P 0 N
A 1.5977851 -0.9759164 1.5977851 -0.9759164 1.554478 -0.9759164 0 P 0 N
A 1.5977851 -0.9759164 1.5977851 -0.9759164 1.554478 -0.9759164 0 P 0 N
A 1.6025665 0.7718144 1.6025665 0.7718144 1.5635487 0.753023 0 P 0 N
A 1.6025665 0.7718144 1.6025665 0.7718144 1.5635487 0.753023 0 P 0 N
A 1.6071711 -0.752368 1.6071711 -0.752368 1.563864 -0.752368 0 P 0 N
A 1.6071711 -0.752368 1.6071711 -0.752368 1.563864 -0.752368 0 P 0 N
A -1.6485284 -0.3865499 -1.6485284 -0.3865499 -1.6918355 -0.3865499 0 P 0 N
A -1.6485284 -0.3865499 -1.6485284 -0.3865499 -1.6918355 -0.3865499 0 P 0 N
A -1.6486901 0.3858411 -1.6486901 0.3858411 -1.6919972 0.3858411 0 P 0 N
A -1.6486901 0.3858411 -1.6486901 0.3858411 -1.6919972 0.3858411 0 P 0 N
A -1.6914206 -0.5922939 -1.6914206 -0.5922939 -1.7322941 -0.6066068 0 P 0 N
A -1.6914206 -0.5922939 -1.6914206 -0.5922939 -1.7322941 -0.6066068 0 P 0 N
A -1.6916685 0.5915853 -1.6916685 0.5915853 -1.732548 0.6058811 0 P 0 N
A -1.6916685 0.5915853 -1.6916685 0.5915853 -1.732548 0.6058811 0 P 0 N
A -1.692126 -0.0003635 -1.692126 -0.0003635 -1.7354331 -0.0003635 0 P 0 N
A -1.692126 -0.0003635 -1.692126 -0.0003635 -1.7354331 -0.0003635 0 P 0 N
A 1.7343032 -0.3951065 1.7343032 -0.3951065 1.692078 -0.3854868 0 P 0 N
A 1.7343032 -0.3951065 1.7343032 -0.3951065 1.692078 -0.3854868 0 P 0 N
A 1.7352235 0.3861955 1.7352235 0.3861955 1.6919164 0.3861955 0 P 0 N
A 1.7352235 0.3861955 1.7352235 0.3861955 1.6919164 0.3861955 0 P 0 N
A 1.7757282 0.606244 1.7757282 0.606244 1.7324211 0.606244 0 P 0 N
A 1.7757282 0.606244 1.7757282 0.606244 1.7324211 0.606244 0 P 0 N
A 1.775982 -0.6055183 1.775982 -0.6055183 1.7326749 -0.6055183 0 P 0 N
A 1.775982 -0.6055183 1.775982 -0.6055183 1.7326749 -0.6055183 0 P 0 N
A -1.7806267 0.2051349 -1.7806267 0.2051349 -1.8239338 0.2051349 0 P 0 N
A -1.7806267 0.2051349 -1.7806267 0.2051349 -1.8239338 0.2051349 0 P 0 N
A -1.780814 -0.2010407 -1.780814 -0.2010407 -1.8238477 -0.2058989 0 P 0 N
A -1.780814 -0.2010407 -1.780814 -0.2010407 -1.8238477 -0.2058989 0 P 0 N
A 1.8671978 0.2055169 1.8671978 0.2055169 1.8238907 0.2055169 0 P 0 N
A 1.8671978 0.2055169 1.8671978 0.2055169 1.8238907 0.2055169 0 P 0 N
A 1.8672838 -0.2047529 1.8672838 -0.2047529 1.8239767 -0.2047529 0 P 0 N
A 1.8672838 -0.2047529 1.8672838 -0.2047529 1.8239767 -0.2047529 0 P 0 N
L 0.0324059 -1.6678561 0.0540662 -1.6895028 0 P 0
L 0.0324059 -1.6678561 0.0540662 -1.6895028 0 P 0
L -0.0537123 1.6895141 -0.0320565 1.6678629 0 P 0
L -0.0537123 1.6895141 -0.0320565 1.6678629 0 P 0
L -0.0545512 -1.8043479 0.0556849 -1.8043133 0 P 0
L -0.0545512 -1.8043479 0.0556849 -1.8043133 0 P 0
L -0.0545945 -1.6665527 -0.0545512 -1.8043479 0 P 0
L -0.0545945 -1.6665527 -0.0545512 -1.8043479 0 P 0
L -0.0545945 -1.6665527 0.0556416 -1.6665181 0 P 0
L -0.0545945 -1.6665527 0.0556416 -1.6665181 0 P 0
L 0.0549292 1.8043365 0.0549436 1.6665413 0 P 0
L 0.0549292 1.8043365 0.0549436 1.6665413 0 P 0
L -0.0552926 1.6665297 0.0549436 1.6665413 0 P 0
L -0.0552926 1.6665297 0.0549436 1.6665413 0 P 0
L -0.055307 1.8043249 0.0549292 1.8043365 0 P 0
L -0.055307 1.8043249 0.0549292 1.8043365 0 P 0
L -0.055307 1.8043249 -0.0552926 1.6665297 0 P 0
L -0.055307 1.8043249 -0.0552926 1.6665297 0 P 0
L 0.0556416 -1.6665181 0.0556849 -1.8043133 0 P 0
L 0.0556416 -1.6665181 0.0556849 -1.8043133 0 P 0
L 0.1428463 1.7616131 0.1582612 1.8985434 0 P 0
L 0.1428463 1.7616131 0.1582612 1.8985434 0 P 0
L 0.1428463 1.7616131 0.2523906 1.7492812 0 P 0
L 0.1428463 1.7616131 0.2523906 1.7492812 0 P 0
L 0.1435843 -1.7615531 0.1590565 -1.8984769 0 P 0
L 0.1435843 -1.7615531 0.1590565 -1.8984769 0 P 0
L 0.1435843 -1.7615531 0.2531233 -1.7491753 0 P 0
L 0.1435843 -1.7615531 0.2531233 -1.7491753 0 P 0
L -0.1578636 -1.8985764 -0.1424774 -1.7616429 0 P 0
L -0.1578636 -1.8985764 -0.1424774 -1.7616429 0 P 0
L 0.1580484 -1.8754603 0.1819963 -1.8945455 0 P 0
L 0.1580484 -1.8754603 0.1819963 -1.8945455 0 P 0
L 0.1582612 1.8985434 0.2678055 1.8862115 0 P 0
L 0.1582612 1.8985434 0.2678055 1.8862115 0 P 0
L -0.1586588 1.8985101 -0.1432153 1.7615831 0 P 0
L -0.1586588 1.8985101 -0.1432153 1.7615831 0 P 0
L 0.1590565 -1.8984769 0.2685955 -1.8860991 0 P 0
L 0.1590565 -1.8984769 0.2685955 -1.8860991 0 P 0
L -0.1815995 1.8945836 -0.1576556 1.8754934 0 P 0
L -0.1815995 1.8945836 -0.1576556 1.8754934 0 P 0
L 0.2445662 1.8874885 0.2636615 1.8635486 0 P 0
L 0.2445662 1.8874885 0.2636615 1.8635486 0 P 0
L -0.2459534 1.6826143 -0.23771 1.6340969 1 P 0
L -0.2520242 -1.749334 -0.1424774 -1.7616429 0 P 0
L -0.2520242 -1.749334 -0.1424774 -1.7616429 0 P 0
L 0.2523906 1.7492812 0.2678055 1.8862115 0 P 0
L 0.2523906 1.7492812 0.2678055 1.8862115 0 P 0
L -0.252757 1.7492283 -0.1432153 1.7615831 0 P 0
L -0.252757 1.7492283 -0.1432153 1.7615831 0 P 0
L 0.2531233 -1.7491753 0.2685955 -1.8860991 0 P 0
L 0.2531233 -1.7491753 0.2685955 -1.8860991 0 P 0
L -0.2632712 -1.8636037 -0.2441709 -1.8875396 0 P 0
L -0.2632712 -1.8636037 -0.2441709 -1.8875396 0 P 0
L -0.2674104 -1.8862675 -0.1578636 -1.8985764 0 P 0
L -0.2674104 -1.8862675 -0.1578636 -1.8985764 0 P 0
L -0.2674104 -1.8862675 -0.2520242 -1.749334 0 P 0
L -0.2674104 -1.8862675 -0.2520242 -1.749334 0 P 0
L -0.2682005 1.8861553 -0.1586588 1.8985101 0 P 0
L -0.2682005 1.8861553 -0.1586588 1.8985101 0 P 0
L -0.2682005 1.8861553 -0.252757 1.7492283 0 P 0
L -0.2682005 1.8861553 -0.252757 1.7492283 0 P 0
L -0.3153376 1.6209075 -0.23771 1.6340969 1 P 0
L 0.3169559 1.6370453 0.3476062 1.7713885 0 P 0
L 0.3169559 1.6370453 0.3476062 1.7713885 0 P 0
L 0.3169559 1.6370453 0.4244304 1.6125251 0 P 0
L 0.3169559 1.6370453 0.4244304 1.6125251 0 P 0
L 0.3176416 -1.6369125 0.3483481 -1.7712428 0 P 0
L 0.3176416 -1.6369125 0.3483481 -1.7712428 0 P 0
L 0.3176416 -1.6369125 0.4251059 -1.6123472 0 P 0
L 0.3176416 -1.6369125 0.4251059 -1.6123472 0 P 0
L -0.323581 1.6694249 -0.2459534 1.6826143 1 P 0
L -0.323581 1.6694249 -0.3153376 1.6209075 1 P 0
L 0.3236114 1.6591017 0.339906 1.6331742 0 P 0
L 0.3236114 1.6591017 0.339906 1.6331742 0 P 0
L 0.3476062 1.7713885 0.4550807 1.7468683 0 P 0
L 0.3476062 1.7713885 0.4550807 1.7468683 0 P 0
L 0.3483481 -1.7712428 0.4558124 -1.7466775 0 P 0
L 0.3483481 -1.7712428 0.4558124 -1.7466775 0 P 0
L 0.4027505 -1.6188225 0.4286848 -1.6351062 0 P 0
L 0.4027505 -1.6188225 0.4286848 -1.6351062 0 P 0
L 0.4244304 1.6125251 0.4550807 1.7468683 0 P 0
L 0.4244304 1.6125251 0.4550807 1.7468683 0 P 0
L 0.4251059 -1.6123472 0.4558124 -1.7466775 0 P 0
L 0.4251059 -1.6123472 0.4558124 -1.7466775 0 P 0
L -0.4327998 -1.6444963 -0.4191761 -1.5972071 1 P 0
L -0.494839 -1.5754091 -0.4191761 -1.5972071 1 P 0
L -0.5084627 -1.6226983 -0.4327998 -1.6444963 1 P 0
L -0.5084627 -1.6226983 -0.494839 -1.5754091 1 P 0
L 0.531286 1.6856515 0.5767861 1.8157178 0 P 0
L 0.531286 1.6856515 0.5767861 1.8157178 0 P 0
L 0.531286 1.6856515 0.6353391 1.6492514 0 P 0
L 0.531286 1.6856515 0.6353391 1.6492514 0 P 0
L 0.531992 -1.6854288 0.5775466 -1.8154761 0 P 0
L 0.531992 -1.6854288 0.5775466 -1.8154761 0 P 0
L 0.531992 -1.6854288 0.6360298 -1.6489851 0 P 0
L 0.531992 -1.6854288 0.6360298 -1.6489851 0 P 0
L 0.5714418 -1.793261 0.5990364 -1.8065384 0 P 0
L 0.5714418 -1.793261 0.5990364 -1.8065384 0 P 0
L -0.5764058 -1.8158386 -0.5309329 -1.6857627 0 P 0
L -0.5764058 -1.8158386 -0.5309329 -1.6857627 0 P 0
L 0.5767861 1.8157178 0.6808392 1.7793177 0 P 0
L 0.5767861 1.8157178 0.6808392 1.7793177 0 P 0
L -0.5771664 1.815597 -0.531639 1.6855402 0 P 0
L -0.5771664 1.815597 -0.531639 1.6855402 0 P 0
L 0.5775466 -1.8154761 0.6815844 -1.7790324 0 P 0
L 0.5775466 -1.8154761 0.6815844 -1.7790324 0 P 0
L -0.598658 1.8066638 -0.5710662 1.7933806 0 P 0
L -0.598658 1.8066638 -0.5710662 1.7933806 0 P 0
L -0.6349936 -1.6493844 -0.5309329 -1.6857627 0 P 0
L -0.6349936 -1.6493844 -0.5309329 -1.6857627 0 P 0
L 0.6353391 1.6492514 0.6808392 1.7793177 0 P 0
L 0.6353391 1.6492514 0.6808392 1.7793177 0 P 0
L -0.6356844 1.6491182 -0.531639 1.6855402 0 P 0
L -0.6356844 1.6491182 -0.531639 1.6855402 0 P 0
L 0.6360298 -1.6489851 0.6815844 -1.7790324 0 P 0
L 0.6360298 -1.6489851 0.6815844 -1.7790324 0 P 0
L 0.6584668 1.7857343 0.6717559 1.7581453 0 P 0
L 0.6584668 1.7857343 0.6717559 1.7581453 0 P 0
L -0.6713876 -1.7582859 -0.6580929 -1.7858721 0 P 0
L -0.6713876 -1.7582859 -0.6580929 -1.7858721 0 P 0
L 0.6733088 1.5254618 0.7330866 1.6496155 0 P 0
L 0.6733088 1.5254618 0.7330866 1.6496155 0 P 0
L 0.6733088 1.5254618 0.7726318 1.4776395 0 P 0
L 0.6733088 1.5254618 0.7726318 1.4776395 0 P 0
L 0.6739478 -1.5251796 0.7337776 -1.6493081 0 P 0
L 0.6739478 -1.5251796 0.7337776 -1.6493081 0 P 0
L 0.6739478 -1.5251796 0.7732508 -1.4773159 0 P 0
L 0.6739478 -1.5251796 0.7732508 -1.4773159 0 P 0
L -0.6804665 -1.7794603 -0.5764058 -1.8158386 0 P 0
L -0.6804665 -1.7794603 -0.5764058 -1.8158386 0 P 0
L -0.6804665 -1.7794603 -0.6349936 -1.6493844 0 P 0
L -0.6804665 -1.7794603 -0.6349936 -1.6493844 0 P 0
L -0.6812118 1.779175 -0.5771664 1.815597 0 P 0
L -0.6812118 1.779175 -0.5771664 1.815597 0 P 0
L -0.6812118 1.779175 -0.6356844 1.6491182 0 P 0
L -0.6812118 1.779175 -0.6356844 1.6491182 0 P 0
L 0.6847058 1.545484 0.6948219 1.5165805 0 P 0
L 0.6847058 1.545484 0.6948219 1.5165805 0 P 0
L -0.6945043 -1.5167261 -0.6843821 -1.5456274 0 P 0
L -0.6945043 -1.5167261 -0.6843821 -1.5456274 0 P 0
L -0.7327411 -1.649769 -0.6729893 -1.5256028 0 P 0
L -0.7327411 -1.649769 -0.6729893 -1.5256028 0 P 0
L 0.7330866 1.6496155 0.8324096 1.6017932 0 P 0
L 0.7330866 1.6496155 0.8324096 1.6017932 0 P 0
L -0.7334321 1.6494619 -0.6736283 1.5253208 0 P 0
L -0.7334321 1.6494619 -0.6736283 1.5253208 0 P 0
L 0.7337776 -1.6493081 0.8330806 -1.6014444 0 P 0
L 0.7337776 -1.6493081 0.8330806 -1.6014444 0 P 0
L 0.7528969 -1.4886035 0.7818046 -1.4987076 0 P 0
L 0.7528969 -1.4886035 0.7818046 -1.4987076 0 P 0
L -0.7723223 -1.4778014 -0.6729893 -1.5256028 0 P 0
L -0.7723223 -1.4778014 -0.6729893 -1.5256028 0 P 0
L 0.7726318 1.4776395 0.8324096 1.6017932 0 P 0
L 0.7726318 1.4776395 0.8324096 1.6017932 0 P 0
L -0.7729413 1.4774777 -0.6736283 1.5253208 0 P 0
L -0.7729413 1.4774777 -0.6736283 1.5253208 0 P 0
L 0.7732508 -1.4773159 0.8330806 -1.6014444 0 P 0
L 0.7732508 -1.4773159 0.8330806 -1.6014444 0 P 0
L -0.7814907 1.4988713 -0.7525851 1.4887612 0 P 0
L -0.7814907 1.4988713 -0.7525851 1.4887612 0 P 0
L -0.8320741 -1.6019676 -0.7327411 -1.649769 0 P 0
L -0.8320741 -1.6019676 -0.7327411 -1.649769 0 P 0
L -0.8320741 -1.6019676 -0.7723223 -1.4778014 0 P 0
L -0.8320741 -1.6019676 -0.7723223 -1.4778014 0 P 0
L -0.8327451 1.6016188 -0.7334321 1.6494619 0 P 0
L -0.8327451 1.6016188 -0.7334321 1.6494619 0 P 0
L -0.8327451 1.6016188 -0.7729413 1.4774777 0 P 0
L -0.8327451 1.6016188 -0.7729413 1.4774777 0 P 0
L 0.8930811 1.5251531 0.9663847 1.6418326 0 P 0
L 0.8930811 1.5251531 0.9663847 1.6418326 0 P 0
L 0.8930811 1.5251531 0.9864247 1.4665102 0 P 0
L 0.8930811 1.5251531 0.9864247 1.4665102 0 P 0
L 0.8937198 -1.5247788 0.9670723 -1.6414276 0 P 0
L 0.8937198 -1.5247788 0.9670723 -1.6414276 0 P 0
L 0.8937198 -1.5247788 0.9870389 -1.4660968 0 P 0
L 0.8937198 -1.5247788 0.9870389 -1.4660968 0 P 0
L 0.9231774 -1.3691323 0.9516553 -1.4092679 1 P 0
L 0.9231774 -1.3691323 0.9873947 -1.3235675 1 P 0
L 0.9516553 -1.4092679 1.0158726 -1.3637031 1 P 0
L 0.956177 -1.6211281 0.9860343 -1.6279318 0 P 0
L 0.956177 -1.6211281 0.9860343 -1.6279318 0 P 0
L -0.9660408 -1.6420349 -0.8927616 -1.5253401 0 P 0
L -0.9660408 -1.6420349 -0.8927616 -1.5253401 0 P 0
L 0.9663847 1.6418326 1.0597283 1.5831897 0 P 0
L 0.9663847 1.6418326 1.0597283 1.5831897 0 P 0
L -0.9667285 1.6416301 -0.8934004 1.524966 0 P 0
L -0.9667285 1.6416301 -0.8934004 1.524966 0 P 0
L 0.9670723 -1.6414276 1.0603914 -1.5827456 0 P 0
L 0.9670723 -1.6414276 1.0603914 -1.5827456 0 P 0
L -0.9856932 1.6281383 -0.9558373 1.6213283 0 P 0
L -0.9856932 1.6281383 -0.9558373 1.6213283 0 P 0
L -0.9861174 -1.4667167 -0.8927616 -1.5253401 0 P 0
L -0.9861174 -1.4667167 -0.8927616 -1.5253401 0 P 0
L 0.9864247 1.4665102 1.0597283 1.5831897 0 P 0
L 0.9864247 1.4665102 1.0597283 1.5831897 0 P 0
L -0.9867317 1.4663035 -0.8934004 1.524966 0 P 0
L -0.9867317 1.4663035 -0.8934004 1.524966 0 P 0
L 0.9870389 -1.4660968 1.0603914 -1.5827456 0 P 0
L 0.9870389 -1.4660968 1.0603914 -1.5827456 0 P 0
L 0.9873947 -1.3235675 1.0158726 -1.3637031 1 P 0
L -1.0146147 -1.3241417 -1.0111779 -1.3545709 0 P 0
L -1.0146147 -1.3241417 -1.0111779 -1.3545709 0 P 0
L 1.0393449 1.594424 1.0461611 1.5645695 0 P 0
L 1.0393449 1.594424 1.0461611 1.5645695 0 P 0
L -1.0458333 -1.5647884 -1.0390109 -1.5946415 0 P 0
L -1.0458333 -1.5647884 -1.0390109 -1.5946415 0 P 0
L -1.0593966 -1.5834115 -0.9660408 -1.6420349 0 P 0
L -1.0593966 -1.5834115 -0.9660408 -1.6420349 0 P 0
L -1.0593966 -1.5834115 -0.9861174 -1.4667167 0 P 0
L -1.0593966 -1.5834115 -0.9861174 -1.4667167 0 P 0
L -1.0600598 1.5829676 -0.9667285 1.6416301 0 P 0
L -1.0600598 1.5829676 -0.9667285 1.6416301 0 P 0
L -1.0600598 1.5829676 -0.9867317 1.4663035 0 P 0
L -1.0600598 1.5829676 -0.9867317 1.4663035 0 P 0
L 1.0706667 1.2571603 1.1034593 1.2938553 1 P 0
L 1.0706667 1.2571603 1.1293789 1.2046919 1 P 0
L -1.0814995 -1.4453394 -0.9956146 -1.3375837 0 P 0
L -1.0814995 -1.4453394 -0.9956146 -1.3375837 0 P 0
L -1.0818193 -1.2688758 -0.9956146 -1.3375837 0 P 0
L -1.0818193 -1.2688758 -0.9956146 -1.3375837 0 P 0
L -1.0821049 1.4448862 -0.9961749 1.3371664 0 P 0
L -1.0821049 1.4448862 -0.9961749 1.3371664 0 P 0
L -1.0823507 1.2684224 -0.9961749 1.3371664 0 P 0
L -1.0823507 1.2684224 -0.9961749 1.3371664 0 P 0
L -1.0954466 1.287377 -1.0650159 1.2839529 0 P 0
L -1.0954466 1.287377 -1.0650159 1.2839529 0 P 0
L 1.1034593 1.2938553 1.1621715 1.2413869 1 P 0
L 1.1293789 1.2046919 1.1621715 1.2413869 1 P 0
L -1.1677042 -1.3766315 -1.0814995 -1.4453394 0 P 0
L -1.1677042 -1.3766315 -1.0814995 -1.4453394 0 P 0
L -1.1677042 -1.3766315 -1.0818193 -1.2688758 0 P 0
L -1.1677042 -1.3766315 -1.0818193 -1.2688758 0 P 0
L -1.1682807 1.3761422 -1.0821049 1.4448862 0 P 0
L -1.1682807 1.3761422 -1.0821049 1.4448862 0 P 0
L -1.1682807 1.3761422 -1.0823507 1.2684224 0 P 0
L -1.1682807 1.3761422 -1.0823507 1.2684224 0 P 0
L 1.2100874 1.2881669 1.2880402 1.2102222 0 P 0
L 1.2100874 1.2881669 1.2880402 1.2102222 0 P 0
L 1.2100874 1.2881669 1.3075182 1.385608 0 P 0
L 1.2100874 1.2881669 1.3075182 1.385608 0 P 0
L 1.2106269 -1.28766 1.2885471 -1.2096826 0 P 0
L 1.2106269 -1.28766 1.2885471 -1.2096826 0 P 0
L 1.2106269 -1.28766 1.3080985 -1.3850602 0 P 0
L 1.2106269 -1.28766 1.3080985 -1.3850602 0 P 0
L 1.2685358 1.0822179 1.3372708 0.9960348 0 P 0
L 1.2685358 1.0822179 1.3372708 0.9960348 0 P 0
L 1.2685358 1.0822179 1.3762646 1.1681366 0 P 0
L 1.2685358 1.0822179 1.3762646 1.1681366 0 P 0
L 1.268989 -1.0816864 1.3376879 -0.9954746 0 P 0
L 1.268989 -1.0816864 1.3376879 -0.9954746 0 P 0
L 1.268989 -1.0816864 1.3767537 -1.16756 0 P 0
L 1.268989 -1.0816864 1.3767537 -1.16756 0 P 0
L 1.2840645 1.0648814 1.2874918 1.0953117 0 P 0
L 1.2840645 1.0648814 1.2874918 1.0953117 0 P 0
L -1.2872623 -1.0955814 -1.2838414 -1.0651504 0 P 0
L -1.2872623 -1.0955814 -1.2838414 -1.0651504 0 P 0
L -1.2877868 -1.210492 -1.2098176 -1.2884204 0 P 0
L -1.2877868 -1.210492 -1.2098176 -1.2884204 0 P 0
L 1.2880402 1.2102222 1.385471 1.3076633 0 P 0
L 1.2880402 1.2102222 1.385471 1.3076633 0 P 0
L -1.2882936 1.2099525 -1.2103571 1.2879135 0 P 0
L -1.2882936 1.2099525 -1.2103571 1.2879135 0 P 0
L 1.2885471 -1.2096826 1.3860187 -1.3070828 0 P 0
L 1.2885471 -1.2096826 1.3860187 -1.3070828 0 P 0
L 1.292959 -1.3676943 1.3235817 -1.3676831 0 P 0
L 1.292959 -1.3676943 1.3235817 -1.3676831 0 P 0
L -1.307228 -1.3858818 -1.2098176 -1.2884204 0 P 0
L -1.307228 -1.3858818 -1.2098176 -1.2884204 0 P 0
L 1.3075182 1.385608 1.385471 1.3076633 0 P 0
L 1.3075182 1.385608 1.385471 1.3076633 0 P 0
L -1.3078084 1.3853341 -1.2103571 1.2879135 0 P 0
L -1.3078084 1.3853341 -1.2103571 1.2879135 0 P 0
L 1.3080985 -1.3850602 1.3860187 -1.3070828 0 P 0
L 1.3080985 -1.3850602 1.3860187 -1.3070828 0 P 0
L -1.3232952 1.3679603 -1.2926725 1.3679651 0 P 0
L -1.3232952 1.3679603 -1.2926725 1.3679651 0 P 0
L 1.3242478 -1.0144761 1.3546767 -1.011036 0 P 0
L 1.3242478 -1.0144761 1.3546767 -1.011036 0 P 0
L -1.3370621 -0.9963149 -1.2683091 -1.0824836 0 P 0
L -1.3370621 -0.9963149 -1.2683091 -1.0824836 0 P 0
L 1.3372708 0.9960348 1.4449996 1.0819535 0 P 0
L 1.3372708 0.9960348 1.4449996 1.0819535 0 P 0
L -1.3374794 0.9957547 -1.2687624 1.0819521 0 P 0
L -1.3374794 0.9957547 -1.2687624 1.0819521 0 P 0
L 1.3376879 -0.9954746 1.4454526 -1.0813482 0 P 0
L 1.3376879 -0.9954746 1.4454526 -1.0813482 0 P 0
L -1.3544649 1.0113197 -1.3240354 1.0147534 0 P 0
L -1.3544649 1.0113197 -1.3240354 1.0147534 0 P 0
L -1.3678297 -1.2928157 -1.3678217 -1.3234384 0 P 0
L -1.3678297 -1.2928157 -1.3678217 -1.3234384 0 P 0
L 1.3680988 1.3231519 1.3681004 1.2925292 0 P 0
L 1.3680988 1.3231519 1.3681004 1.2925292 0 P 0
L -1.3760199 -1.1684249 -1.2683091 -1.0824836 0 P 0
L -1.3760199 -1.1684249 -1.2683091 -1.0824836 0 P 0
L 1.3762646 1.1681366 1.4449996 1.0819535 0 P 0
L 1.3762646 1.1681366 1.4449996 1.0819535 0 P 0
L -1.3765092 1.1678483 -1.2687624 1.0819521 0 P 0
L -1.3765092 1.1678483 -1.2687624 1.0819521 0 P 0
L 1.3767537 -1.16756 1.4454526 -1.0813482 0 P 0
L 1.3767537 -1.16756 1.4454526 -1.0813482 0 P 0
L -1.3851972 -1.3079534 -1.2877868 -1.210492 0 P 0
L -1.3851972 -1.3079534 -1.2877868 -1.210492 0 P 0
L -1.3851972 -1.3079534 -1.307228 -1.3858818 0 P 0
L -1.3851972 -1.3079534 -1.307228 -1.3858818 0 P 0
L -1.3857449 1.3073731 -1.2882936 1.2099525 0 P 0
L -1.3857449 1.3073731 -1.2882936 1.2099525 0 P 0
L -1.3857449 1.3073731 -1.3078084 1.3853341 0 P 0
L -1.3857449 1.3073731 -1.3078084 1.3853341 0 P 0
L -1.4447729 -1.0822562 -1.3370621 -0.9963149 0 P 0
L -1.4447729 -1.0822562 -1.3370621 -0.9963149 0 P 0
L -1.4447729 -1.0822562 -1.3760199 -1.1684249 0 P 0
L -1.4447729 -1.0822562 -1.3760199 -1.1684249 0 P 0
L -1.4452262 1.0816509 -1.3374794 0.9957547 0 P 0
L -1.4452262 1.0816509 -1.3374794 0.9957547 0 P 0
L -1.4452262 1.0816509 -1.3765092 1.1678483 0 P 0
L -1.4452262 1.0816509 -1.3765092 1.1678483 0 P 0
L -1.4648532 0.7640366 -1.4253373 0.8321433 1 P 0
L 1.4664069 0.9865782 1.5250595 0.8932408 0 P 0
L 1.4664069 0.9865782 1.5250595 0.8932408 0 P 0
L 1.4664069 0.9865782 1.5830787 1.059894 0 P 0
L 1.4664069 0.9865782 1.5830787 1.059894 0 P 0
L 1.46682 -0.9859639 1.5254335 -0.8926019 0 P 0
L 1.46682 -0.9859639 1.5254335 -0.8926019 0 P 0
L 1.46682 -0.9859639 1.5835225 -1.0592309 0 P 0
L 1.46682 -0.9859639 1.5835225 -1.0592309 0 P 0
L -1.4679034 0.8568406 -1.4253373 0.8321433 1 P 0
L 1.4775587 0.7727866 1.5253913 0.6734686 0 P 0
L 1.4775587 0.7727866 1.5253913 0.6734686 0 P 0
L 1.4775587 0.7727866 1.6017061 0.8325774 0 P 0
L 1.4775587 0.7727866 1.6017061 0.8325774 0 P 0
L 1.4778823 -0.7721676 1.5256733 -0.6728296 0 P 0
L 1.4778823 -0.7721676 1.5256733 -0.6728296 0 P 0
L 1.4778823 -0.7721676 1.6020547 -0.8319064 0 P 0
L 1.4778823 -0.7721676 1.6020547 -0.8319064 0 P 0
L 1.48884 0.7524292 1.4989532 0.7813337 0 P 0
L 1.48884 0.7524292 1.4989532 0.7813337 0 P 0
L -1.5074193 0.7887339 -1.4648532 0.7640366 1 P 0
L -1.5074193 0.7887339 -1.4679034 0.8568406 1 P 0
L 1.5167988 -0.6943455 1.5456991 -0.6842203 0 P 0
L 1.5167988 -0.6943455 1.5456991 -0.6842203 0 P 0
L -1.5248724 -0.8935602 -1.4662002 -0.9868854 0 P 0
L -1.5248724 -0.8935602 -1.4662002 -0.9868854 0 P 0
L 1.5250595 0.8932408 1.6417313 0.9665566 0 P 0
L 1.5250595 0.8932408 1.6417313 0.9665566 0 P 0
L -1.5252466 0.8929213 -1.4666135 0.9862711 0 P 0
L -1.5252466 0.8929213 -1.4666135 0.9862711 0 P 0
L 1.5253913 0.6734686 1.6495387 0.7332594 0 P 0
L 1.5253913 0.6734686 1.6495387 0.7332594 0 P 0
L 1.5254335 -0.8926019 1.642136 -0.9658689 0 P 0
L 1.5254335 -0.8926019 1.642136 -0.9658689 0 P 0
L 1.5256733 -0.6728296 1.6498457 -0.7325684 0 P 0
L 1.5256733 -0.6728296 1.6498457 -0.7325684 0 P 0
L -1.5402314 -0.5953709 -1.5100988 -0.6681174 1 P 0
L -1.5555652 -0.6869501 -1.5100988 -0.6681174 1 P 0
L 1.564898 -1.0456695 1.5947503 -1.038844 0 P 0
L 1.564898 -1.0456695 1.5947503 -1.038844 0 P 0
L -1.5828566 -1.0602256 -1.4662002 -0.9868854 0 P 0
L -1.5828566 -1.0602256 -1.4662002 -0.9868854 0 P 0
L 1.5830787 1.059894 1.6417313 0.9665566 0 P 0
L 1.5830787 1.059894 1.6417313 0.9665566 0 P 0
L -1.5833006 1.0595625 -1.4666135 0.9862711 0 P 0
L -1.5833006 1.0595625 -1.4666135 0.9862711 0 P 0
L 1.5835225 -1.0592309 1.642136 -0.9658689 0 P 0
L 1.5835225 -1.0592309 1.642136 -0.9658689 0 P 0
L -1.5856978 -0.6142036 -1.5402314 -0.5953709 1 P 0
L -1.5856978 -0.6142036 -1.5555652 -0.6869501 1 P 0
L -1.5945328 1.0391779 -1.564679 1.0459972 0 P 0
L -1.5945328 1.0391779 -1.564679 1.0459972 0 P 0
L 1.6017061 0.8325774 1.6495387 0.7332594 0 P 0
L 1.6017061 0.8325774 1.6495387 0.7332594 0 P 0
L 1.6020547 -0.8319064 1.6498457 -0.7325684 0 P 0
L 1.6020547 -0.8319064 1.6498457 -0.7325684 0 P 0
L 1.6124807 0.4245993 1.6370122 0.3171272 0 P 0
L 1.6124807 0.4245993 1.6370122 0.3171272 0 P 0
L 1.6124807 0.4245993 1.7468206 0.4552638 0 P 0
L 1.6124807 0.4245993 1.7468206 0.4552638 0 P 0
L 1.6126584 -0.4239239 1.6371447 -0.3164416 0 P 0
L 1.6126584 -0.4239239 1.6371447 -0.3164416 0 P 0
L 1.6126584 -0.4239239 1.7470113 -0.454532 0 P 0
L 1.6126584 -0.4239239 1.7470113 -0.454532 0 P 0
L 1.6189489 0.4022419 1.6352408 0.4281711 0 P 0
L 1.6189489 0.4022419 1.6352408 0.4281711 0 P 0
L 1.6214284 0.9556676 1.6282415 0.9855228 0 P 0
L 1.6214284 0.9556676 1.6282415 0.9855228 0 P 0
L -1.628035 -0.9858638 -1.6212282 -0.9560072 0 P 0
L -1.628035 -0.9858638 -1.6212282 -0.9560072 0 P 0
L 1.6332809 -0.3393929 1.6592033 -0.3230902 0 P 0
L 1.6332809 -0.3393929 1.6592033 -0.3230902 0 P 0
L -1.6351511 -0.4285136 -1.6188647 -0.402581 0 P 0
L -1.6351511 -0.4285136 -1.6188647 -0.402581 0 P 0
L -1.6369457 -0.3174704 -1.6123918 -0.4249371 0 P 0
L -1.6369457 -0.3174704 -1.6123918 -0.4249371 0 P 0
L 1.6370122 0.3171272 1.7713521 0.3477917 0 P 0
L 1.6370122 0.3171272 1.7713521 0.3477917 0 P 0
L -1.6370785 0.3167845 -1.6125696 0.4242616 0 P 0
L -1.6370785 0.3167845 -1.6125696 0.4242616 0 P 0
L 1.6371447 -0.3164416 1.7714976 -0.3470497 0 P 0
L 1.6371447 -0.3164416 1.7714976 -0.3470497 0 P 0
L -1.6415288 -0.9669004 -1.5248724 -0.8935602 0 P 0
L -1.6415288 -0.9669004 -1.5248724 -0.8935602 0 P 0
L -1.6415288 -0.9669004 -1.5828566 -1.0602256 0 P 0
L -1.6415288 -0.9669004 -1.5828566 -1.0602256 0 P 0
L -1.6419337 0.9662127 -1.5252466 0.8929213 0 P 0
L -1.6419337 0.9662127 -1.5252466 0.8929213 0 P 0
L -1.6419337 0.9662127 -1.5833006 1.0595625 0 P 0
L -1.6419337 0.9662127 -1.5833006 1.0595625 0 P 0
L 1.6460222 -0.1318708 1.6504372 -0.0532545 1 P 0
L 1.6460222 -0.1318708 1.6951574 -0.1346301 1 P 0
L 1.6491848 0.6355118 1.6855958 0.5314625 0 P 0
L 1.6491848 0.6355118 1.6855958 0.5314625 0 P 0
L 1.6491848 0.6355118 1.7792464 0.6810255 0 P 0
L 1.6491848 0.6355118 1.7792464 0.6810255 0 P 0
L 1.6494509 -0.6348209 1.6858183 -0.5307564 0 P 0
L 1.6494509 -0.6348209 1.6858183 -0.5307564 0 P 0
L 1.6494509 -0.6348209 1.7795315 -0.6802802 0 P 0
L 1.6494509 -0.6348209 1.7795315 -0.6802802 0 P 0
L 1.6504372 -0.0532545 1.6995724 -0.0560138 1 P 0
L -1.6591355 0.3234376 -1.6332098 0.3397349 0 P 0
L -1.6591355 0.3234376 -1.6332098 0.3397349 0 P 0
L -1.6665471 0.054769 -1.6665239 -0.0554672 0 P 0
L -1.6665471 0.054769 -1.6665239 -0.0554672 0 P 0
L -1.6854845 -0.5318155 -1.6490517 -0.6358571 0 P 0
L -1.6854845 -0.5318155 -1.6490517 -0.6358571 0 P 0
L 1.6855958 0.5314625 1.8156574 0.5769762 0 P 0
L 1.6855958 0.5314625 1.8156574 0.5769762 0 P 0
L -1.6857071 0.5311094 -1.6493178 0.6351663 0 P 0
L -1.6857071 0.5311094 -1.6493178 0.6351663 0 P 0
L 1.6858183 -0.5307564 1.8158989 -0.5762157 0 P 0
L 1.6858183 -0.5307564 1.8158989 -0.5762157 0 P 0
L -1.6895085 -0.0538893 -1.6678595 -0.0322312 0 P 0
L -1.6895085 -0.0538893 -1.6678595 -0.0322312 0 P 0
L 1.6951574 -0.1346301 1.6995724 -0.0560138 1 P 0
L -1.7467253 -0.4556294 -1.6123918 -0.4249371 0 P 0
L -1.7467253 -0.4556294 -1.6123918 -0.4249371 0 P 0
L 1.7468206 0.4552638 1.7713521 0.3477917 0 P 0
L 1.7468206 0.4552638 1.7713521 0.3477917 0 P 0
L -1.7469159 0.4548977 -1.6125696 0.4242616 0 P 0
L -1.7469159 0.4548977 -1.6125696 0.4242616 0 P 0
L 1.7470113 -0.454532 1.7714976 -0.3470497 0 P 0
L 1.7470113 -0.454532 1.7714976 -0.3470497 0 P 0
L 1.7492547 0.2525738 1.7615978 0.1430308 0 P 0
L 1.7492547 0.2525738 1.7615978 0.1430308 0 P 0
L 1.7492547 0.2525738 1.8861836 0.268003 0 P 0
L 1.7492547 0.2525738 1.8861836 0.268003 0 P 0
L 1.7493604 -0.251841 1.7616579 -0.1422929 0 P 0
L 1.7493604 -0.251841 1.7616579 -0.1422929 0 P 0
L 1.7493604 -0.251841 1.8862955 -0.2672129 0 P 0
L 1.7493604 -0.251841 1.8862955 -0.2672129 0 P 0
L 1.7583562 -0.6712035 1.785941 -0.6579059 0 P 0
L 1.7583562 -0.6712035 1.785941 -0.6579059 0 P 0
L -1.7615681 -0.1433998 -1.7492018 -0.2529402 0 P 0
L -1.7615681 -0.1433998 -1.7492018 -0.2529402 0 P 0
L 1.7615978 0.1430308 1.8985267 0.15846 0 P 0
L 1.7615978 0.1430308 1.8985267 0.15846 0 P 0
L -1.7616281 0.1426619 -1.7493077 0.2522074 0 P 0
L -1.7616281 0.1426619 -1.7493077 0.2522074 0 P 0
L 1.7616579 -0.1422929 1.898593 -0.1576648 0 P 0
L 1.7616579 -0.1422929 1.898593 -0.1576648 0 P 0
L -1.7712792 -0.3481627 -1.6369457 -0.3174704 0 P 0
L -1.7712792 -0.3481627 -1.6369457 -0.3174704 0 P 0
L -1.7712792 -0.3481627 -1.7467253 -0.4556294 0 P 0
L -1.7712792 -0.3481627 -1.7467253 -0.4556294 0 P 0
L -1.7714248 0.3474206 -1.6370785 0.3167845 0 P 0
L -1.7714248 0.3474206 -1.6370785 0.3167845 0 P 0
L -1.7714248 0.3474206 -1.7469159 0.4548977 0 P 0
L -1.7714248 0.3474206 -1.7469159 0.4548977 0 P 0
L -1.7791037 -0.6813981 -1.6490517 -0.6358571 0 P 0
L -1.7791037 -0.6813981 -1.6490517 -0.6358571 0 P 0
L 1.7792464 0.6810255 1.8156574 0.5769762 0 P 0
L 1.7792464 0.6810255 1.8156574 0.5769762 0 P 0
L -1.7793889 0.6806528 -1.6493178 0.6351663 0 P 0
L -1.7793889 0.6806528 -1.6493178 0.6351663 0 P 0
L 1.7795315 -0.6802802 1.8158989 -0.5762157 0 P 0
L 1.7795315 -0.6802802 1.8158989 -0.5762157 0 P 0
L -1.7858032 0.6582799 -1.7582156 0.6715717 0 P 0
L -1.7858032 0.6582799 -1.7582156 0.6715717 0 P 0
L 1.7934404 0.5708784 1.8067265 0.5984688 0 P 0
L 1.7934404 0.5708784 1.8067265 0.5984688 0 P 0
L -1.8043191 -0.055496 -1.6665239 -0.0554672 0 P 0
L -1.8043191 -0.055496 -1.6665239 -0.0554672 0 P 0
L -1.8043423 0.0547402 -1.6665471 0.054769 0 P 0
L -1.8043423 0.0547402 -1.6665471 0.054769 0 P 0
L -1.8043423 0.0547402 -1.8043191 -0.055496 0 P 0
L -1.8043423 0.0547402 -1.8043191 -0.055496 0 P 0
L -1.8066011 -0.5988472 -1.7933208 -0.571254 0 P 0
L -1.8066011 -0.5988472 -1.7933208 -0.571254 0 P 0
L -1.8155365 -0.5773565 -1.6854845 -0.5318155 0 P 0
L -1.8155365 -0.5773565 -1.6854845 -0.5318155 0 P 0
L -1.8155365 -0.5773565 -1.7791037 -0.6813981 0 P 0
L -1.8155365 -0.5773565 -1.7791037 -0.6813981 0 P 0
L -1.8157782 0.5765959 -1.6857071 0.5311094 0 P 0
L -1.8157782 0.5765959 -1.6857071 0.5311094 0 P 0
L -1.8157782 0.5765959 -1.7793889 0.6806528 0 P 0
L -1.8157782 0.5765959 -1.7793889 0.6806528 0 P 0
L 1.8636313 -0.263076 1.8875653 -0.2439733 0 P 0
L 1.8636313 -0.263076 1.8875653 -0.2439733 0 P 0
L 1.8755098 0.1574592 1.8946026 0.1814011 0 P 0
L 1.8755098 0.1574592 1.8946026 0.1814011 0 P 0
L -1.8861273 -0.268398 -1.7492018 -0.2529402 0 P 0
L -1.8861273 -0.268398 -1.7492018 -0.2529402 0 P 0
L 1.8861836 0.268003 1.8985267 0.15846 0 P 0
L 1.8861836 0.268003 1.8985267 0.15846 0 P 0
L -1.8862395 0.2676079 -1.7493077 0.2522074 0 P 0
L -1.8862395 0.2676079 -1.7493077 0.2522074 0 P 0
L 1.8862955 -0.2672129 1.898593 -0.1576648 0 P 0
L 1.8862955 -0.2672129 1.898593 -0.1576648 0 P 0
L -1.8875141 0.2443686 -1.8635762 0.2634663 0 P 0
L -1.8875141 0.2443686 -1.8635762 0.2634663 0 P 0
L -1.8945646 -0.1817979 -1.8754769 -0.157852 0 P 0
L -1.8945646 -0.1817979 -1.8754769 -0.157852 0 P 0
L -1.8984936 -0.1588576 -1.7615681 -0.1433998 0 P 0
L -1.8984936 -0.1588576 -1.7615681 -0.1433998 0 P 0
L -1.8984936 -0.1588576 -1.8861273 -0.268398 0 P 0
L -1.8984936 -0.1588576 -1.8861273 -0.268398 0 P 0
L -1.8985599 0.1580624 -1.7616281 0.1426619 0 P 0
L -1.8985599 0.1580624 -1.7616281 0.1426619 0 P 0
L -1.8985599 0.1580624 -1.8862395 0.2676079 0 P 0
L -1.8985599 0.1580624 -1.8862395 0.2676079 0 P 0
L 2.1299211 -0.234252 2.1299212 -0.1003936 1 P 0
L 2.1299211 -0.234252 2.2007873 -0.2342521 1 P 0
L 2.1299212 -0.1003936 2.2007874 -0.1003937 1 P 0
L 2.1368111 0.1240156 2.1368111 0.2106298 1 P 0
L 2.1368111 0.1240156 2.1938977 0.1240156 1 P 0
L 2.1368111 0.2106298 2.1938977 0.2106298 1 P 0
L 2.1938977 0.1240156 2.1938977 0.2106298 1 P 0
L 2.2007873 -0.2342521 2.2007874 -0.1003937 1 P 0
L 2.3228229 0.301568 2.7204613 0.301568 1 P 0
L 2.3228229 -0.3220544 2.3228229 0.301568 1 P 0
L 2.3228229 -0.3220544 2.7204613 -0.3220544 1 P 0
L 2.7204613 -0.3220544 2.7204613 0.301568 1 P 0
